666_CicHyyy              7                        2511                     12                       12                       63                       56                       50                       88                       79                       1505                     
SalutisNostrae           16                       2335                     12                       12                       120                      111                      100                      92                       83                       1435                     
_Mizuhara                9                        2267                     11                       11                       75                       57                       52                       76                       69                       1357                     
_MadKapa                 16                       2109                     14                       14                       125                      103                      95                       82                       76                       1300                     
O44                      10                       2038                     18                       18                       77                       67                       53                       87                       68                       1251                     
The_Legendary77          6                        2021                     19                       19                       42                       34                       34                       80                       80                       1255                     
EmmanueMacron            14                       2012                     11                       11                       114                      89                       79                       78                       69                       1229                     
PNSR_Kilu__              11                       1992                     17                       17                       95                       73                       63                       76                       66                       1216                     
_Mia_KhaIifa_            9                        1987                     15                       15                       56                       49                       45                       87                       80                       1248                     
_Coraks                  16                       1868                     17                       17                       110                      94                       82                       85                       74                       1182                     
_SeazR                   16                       1858                     10                       10                       100                      86                       75                       86                       75                       1174                     
ImMentalyDisabled        14                       1828                     13                       13                       103                      81                       72                       78                       69                       1141                     
ThisNewLife              16                       1751                     16                       16                       107                      88                       73                       82                       68                       1107                     
_Schmidi_                14                       1736                     22                       22                       85                       74                       66                       87                       77                       1125                     
_candy_love_             16                       1700                     1                        1                        119                      107                      89                       89                       74                       1110                     
Sa1f_                    16                       1581                     9                        9                        114                      85                       73                       74                       64                       1008                     
Venality_                16                       1456                     13                       13                       96                       88                       75                       91                       78                       992                      
iT0M_                    2                        863                      6                        6                        8                        7                        5                        87                       62                       644                      
